180
1.31041e+05 7.17054e+20 -7.146106103342938e+18 7.900000000000001e+28
1.58417e+05 9.86437e+20 -7.141946559837656e+18 9.550351999999999e+28
1.91512e+05 1.35467e+21 -7.136973822463412e+18 1.154548800000000e+29
2.31520e+05 1.85778e+21 -7.138179228506456e+18 1.395740800000000e+29
2.79888e+05 2.54402e+21 -7.124643496175785e+18 1.687312000000000e+29
3.38359e+05 3.47814e+21 -7.123614532384217e+18 2.039808000000000e+29
4.09046e+05 4.74706e+21 -7.119097211025802e+18 2.465936000000000e+29
4.94501e+05 6.46747e+21 -7.113169510381363e+18 2.981088000000000e+29
5.97809e+05 8.79662e+21 -7.106307191278418e+18 3.603856000000000e+29
7.22700e+05 1.19446e+22 -7.098329221699265e+18 4.356720000000000e+29
8.73681e+05 1.61899e+22 -7.090574430728629e+18 5.266864000000000e+29
1.05621e+06 2.19006e+22 -7.079095068206337e+18 6.367136000000000e+29
1.27687e+06 2.95637e+22 -7.069694334567014e+18 7.697280000000000e+29
1.54363e+06 3.98253e+22 -7.057205978333233e+18 9.305280000000000e+29
1.86612e+06 5.35443e+22 -7.046017532747876e+18 1.124921600000000e+30
2.25599e+06 7.18475e+22 -7.032677109358702e+18 1.359923200000000e+30
2.72732e+06 9.62038e+22 -7.014527345259152e+18 1.644016000000000e+30
3.29714e+06 1.28528e+23 -6.998109458293034e+18 1.987472000000000e+30
3.98598e+06 1.71323e+23 -6.977157802089572e+18 2.402656000000000e+30
4.81876e+06 2.27882e+23 -6.960891587800651e+18 2.904592000000000e+30
5.82555e+06 3.02520e+23 -6.936027231356517e+18 3.511376000000000e+30
7.04267e+06 4.00813e+23 -6.915498496246246e+18 4.244928000000000e+30
8.51413e+06 5.29942e+23 -6.887532500044831e+18 5.131712000000000e+30
1.02930e+07 6.99187e+23 -6.860452529890699e+18 6.203760000000000e+30
1.24436e+07 9.20616e+23 -6.829585188603629e+18 7.499760000000001e+30
1.50436e+07 1.21003e+24 -6.796985403253849e+18 9.066495999999999e+30
1.81869e+07 1.58786e+24 -6.762426037799892e+18 1.096054400000000e+31
2.19870e+07 2.08026e+24 -6.722868088078209e+18 1.325027200000000e+31
2.67866e+07 2.72074e+24 2.312337244020177e+17 1.601840000000000e+31
3.23834e+07 3.55246e+24 2.676674723974768e+17 1.936464000000000e+31
3.91498e+07 4.63152e+24 3.062199527320596e+17 2.341008000000000e+31
4.73300e+07 6.03094e+24 3.470986311453355e+17 2.830048000000000e+31
5.72197e+07 7.84427e+24 3.904263032454784e+17 3.421264000000000e+31
6.91759e+07 1.01907e+25 4.362549864420643e+17 4.135984000000000e+31
8.36309e+07 1.32227e+25 4.846282501790788e+17 5.000031999999999e+31
1.01106e+08 1.71368e+25 5.356613711939460e+17 6.044560000000001e+31
1.22233e+08 2.21880e+25 5.895787788785048e+17 7.307295999999999e+31
1.47776e+08 2.87062e+25 6.466580341710400e+17 8.833840000000001e+31
1.78657e+08 3.71107e+25 7.070229462139832e+17 1.067928000000000e+32
2.15991e+08 4.79360e+25 7.707456278203139e+17 1.291024000000000e+32
2.61128e+08 6.18650e+25 8.378986366250467e+17 1.560728000000000e+32
3.15698e+08 7.97776e+25 9.086828593545935e+17 1.886768000000000e+32
3.81674e+08 1.02815e+26 9.834480209532041e+17 2.280928000000000e+32
4.61439e+08 1.32438e+26 1.062509098785601e+18 2.757424000000000e+32
5.57878e+08 1.70501e+26 1.145971163072968e+18 3.333472000000000e+32
6.74474e+08 2.19362e+26 1.233906634195320e+18 4.029856000000000e+32
8.15439e+08 2.82034e+26 1.326435568753143e+18 4.871712000000000e+32
9.85872e+08 3.62395e+26 1.423850085693164e+18 5.889440000000001e+32
1.19194e+09 4.65456e+26 1.526629283328033e+18 7.119792000000000e+32
1.44107e+09 5.97579e+26 1.635050543330855e+18 8.607151999999999e+32
1.74229e+09 7.66814e+26 1.749171088559407e+18 1.040523200000000e+33
2.10649e+09 9.83381e+26 1.869018181480704e+18 1.257896000000000e+33
2.54682e+09 1.26033e+27 1.994763928296775e+18 1.520676800000000e+33
3.07921e+09 1.61442e+27 2.126813552041745e+18 1.838352000000000e+33
3.72293e+09 2.06714e+27 2.265680512955277e+18 2.222400000000000e+33
4.50124e+09 2.64557e+27 2.411511118566405e+18 2.686672000000000e+33
5.44230e+09 3.38384e+27 2.564207607464662e+18 3.247936000000000e+33
6.58013e+09 4.32522e+27 2.723754304886093e+18 3.926447999999999e+33
7.95591e+09 5.52470e+27 2.890290646535015e+18 4.746703999999999e+33
9.61939e+09 7.05275e+27 3.064314225945262e+18 5.738320000000000e+33
1.16308e+10 8.99858e+27 3.246175040012366e+18 6.937088000000001e+33
1.40628e+10 1.14739e+28 3.435720665844050e+18 8.386288000000000e+33
1.70035e+10 1.46187e+28 3.632622124585864e+18 1.013822400000000e+34
2.05593e+10 1.86096e+28 3.836624390461369e+18 1.225616000000000e+34
2.48588e+10 2.36702e+28 4.047833779310638e+18 1.481654400000000e+34
3.00576e+10 3.00838e+28 4.266537060427402e+18 1.791184000000000e+34
3.63440e+10 3.82048e+28 4.492661173144839e+18 2.165376000000000e+34
4.39452e+10 4.84725e+28 4.725530883707748e+18 2.617727999999999e+34
5.31367e+10 6.14336e+28 4.964280058569927e+18 3.164592000000000e+34
6.42506e+10 7.77714e+28 5.208338449378289e+18 3.825680000000000e+34
7.76898e+10 9.83421e+28 5.457363840276828e+18 4.624896000000000e+34
9.39402e+10 1.24215e+29 5.711171166802926e+18 5.591056000000000e+34
1.13590e+11 1.56702e+29 5.968659993258794e+18 6.759072000000001e+34
1.37351e+11 1.97410e+29 6.228323938117421e+18 8.171088000000000e+34
1.66082e+11 2.48310e+29 6.488551684274314e+18 9.878064000000000e+34
2.00822e+11 3.11829e+29 6.747938285406513e+18 1.194164800000000e+35
2.42829e+11 3.90909e+29 7.004658549453688e+18 1.443633600000000e+35
2.93623e+11 4.89477e+29 7.262169587596590e+18 1.745216000000000e+35
3.55043e+11 6.12285e+29 7.521053919387310e+18 2.109808000000000e+35
4.30004e+11 7.57410e+29 9.210170767861401e+18 2.550560000000000e+35
5.20006e+11 8.56429e+29 9.397377866824520e+18 3.083376000000000e+35
6.28947e+11 9.31240e+29 9.669603334410777e+18 3.727520000000000e+35
7.60658e+11 1.01632e+30 9.906308459893365e+18 4.506208000000000e+35
9.19887e+11 1.11909e+30 1.010220695659922e+19 5.447584000000000e+35
1.11237e+12 1.24695e+30 1.025887611462934e+19 6.585616000000000e+35
1.34504e+12 1.40843e+30 1.037999631496546e+19 7.961408000000000e+35
1.62629e+12 1.61394e+30 1.046975461134121e+19 9.624576000000000e+35
1.96625e+12 1.87638e+30 1.053227796578130e+19 1.163521600000000e+36
2.37718e+12 2.21213e+30 1.057120967172391e+19 1.406588800000000e+36
2.87312e+12 2.64227e+30 1.035082179632434e+19 1.700432000000000e+36
3.47333e+12 3.19394e+30 1.035046655320250e+19 2.055664000000000e+36
4.19906e+12 3.90446e+30 1.038962665583703e+19 2.485104000000000e+36
5.07660e+12 4.82810e+30 1.047039934630572e+19 3.004256000000000e+36
6.13780e+12 6.05413e+30 1.060493467452381e+19 3.631856000000000e+36
7.42134e+12 7.73888e+30 1.081986666334308e+19 4.390576000000000e+36
8.97403e+12 1.01008e+31 1.113522653480183e+19 5.307792000000000e+36
1.08525e+13 1.34200e+31 1.155831962033317e+19 6.416624000000000e+36
1.31252e+13 1.79840e+31 1.206759404673551e+19 7.757104000000000e+36
1.58744e+13 2.40667e+31 1.262382828733840e+19 9.377599999999999e+36
1.91997e+13 3.20258e+31 1.320337746539342e+19 1.133664000000000e+37
2.32221e+13 4.23675e+31 1.380014505289329e+19 1.370492800000000e+37
2.80874e+13 5.57354e+31 1.441038860914939e+19 1.656800000000000e+37
3.39724e+13 7.29538e+31 1.503300619360669e+19 2.002912000000000e+37
4.10908e+13 9.50842e+31 1.566906871046090e+19 2.421328000000000e+37
4.97018e+13 1.23511e+32 1.632248129525915e+19 2.927168000000000e+37
6.01185e+13 1.60120e+32 1.700411116410632e+19 3.538672000000000e+37
7.27210e+13 2.07576e+32 1.773434364015537e+19 4.277904000000000e+37
8.79725e+13 2.69992e+32 1.855522397485797e+19 5.171600000000000e+37
1.06434e+14 3.53165e+32 1.950843368380943e+19 6.251967999999999e+37
1.28781e+14 4.63027e+32 2.057004685088893e+19 7.558048000000001e+37
1.55917e+14 6.63195e+32 2.256720939435262e+19 9.136960000000001e+37
1.88682e+14 1.04207e+33 2.475186023059647e+19 1.104572800000000e+38
2.28403e+14 1.63739e+33 2.758346408524816e+19 1.335324800000000e+38
2.76596e+14 2.57283e+33 3.125066014392506e+19 1.614288000000000e+38
3.35217e+14 4.97810e+33 3.897609547831169e+19 1.951520000000000e+38
4.06867e+14 9.63199e+33 5.120421047641854e+19 2.359200000000000e+38
4.95002e+14 1.86367e+34 7.043584574154215e+19 2.852048000000000e+38
6.04482e+14 3.60598e+34 1.003850030857986e+20 3.447856000000000e+38
6.36887e+14 4.27301e+34 1.104212774885327e+20 3.620224000000000e+38
6.67595e+14 4.97385e+34 1.203799172783101e+20 3.781760000000000e+38
6.96711e+14 5.70214e+34 1.302003948650020e+20 3.933248000000000e+38
7.24336e+14 6.45195e+34 1.398358917824431e+20 4.075424000000000e+38
7.50570e+14 7.21820e+34 1.492546949966004e+20 4.209024000000000e+38
7.75507e+14 7.99624e+34 1.584328763926763e+20 4.334703999999999e+38
7.99249e+14 8.78264e+34 1.673618085844794e+20 4.453168000000000e+38
8.21891e+14 9.57446e+34 1.760374213408528e+20 4.565040000000000e+38
8.43534e+14 1.03698e+35 1.844659634902241e+20 4.670960000000000e+38
8.64272e+14 1.11675e+35 1.926578921490294e+20 4.771520000000000e+38
8.84199e+14 1.19668e+35 2.006278934343742e+20 4.867280000000000e+38
9.03411e+14 1.27681e+35 2.083966005290381e+20 4.958800000000000e+38
9.21998e+14 1.35720e+35 2.159857571076999e+20 5.046592000000000e+38
9.40055e+14 1.43799e+35 2.234215550507896e+20 5.131168000000000e+38
9.57672e+14 1.51938e+35 2.307312913860707e+20 5.213008000000000e+38
9.74928e+14 1.60155e+35 2.379398378978770e+20 5.292527999999999e+38
9.91917e+14 1.68481e+35 2.450792823144095e+20 5.370192000000000e+38
1.00872e+15 1.76945e+35 2.521769711353267e+20 5.446384000000000e+38
1.02541e+15 1.85580e+35 2.592624097591464e+20 5.521488000000000e+38
1.04206e+15 1.94421e+35 2.663624907476661e+20 5.595839999999999e+38
1.05876e+15 2.03507e+35 2.735073129160862e+20 5.669792000000000e+38
1.07556e+15 2.12878e+35 2.807223096485561e+20 5.743631999999999e+38
1.09254e+15 2.22574e+35 2.880325911427292e+20 5.817632000000001e+38
1.10976e+15 2.32639e+35 2.954644088248762e+20 5.892064000000000e+38
1.12727e+15 2.43118e+35 3.030402424332983e+20 5.967152000000000e+38
1.14514e+15 2.54055e+35 3.107817936064997e+20 6.043104000000000e+38
1.16341e+15 2.65495e+35 3.187082215450760e+20 6.120096000000000e+38
1.18213e+15 2.77484e+35 3.268376293673459e+20 6.198287999999999e+38
1.20135e+15 2.90071e+35 3.351869641496376e+20 6.277824000000000e+38
1.22111e+15 3.03297e+35 3.437685115390810e+20 6.358800000000000e+38
1.24143e+15 3.17209e+35 3.525930788837301e+20 6.441295999999999e+38
1.26234e+15 3.31849e+35 3.616699009583042e+20 6.525376000000001e+38
1.28388e+15 3.47260e+35 3.710047958776011e+20 6.611072000000001e+38
1.30602e+15 3.57388e+35 3.770088918408627e+20 6.698399999999999e+38
1.32872e+15 3.67869e+35 3.830994487195228e+20 6.787360000000000e+38
1.35198e+15 3.78704e+35 3.892707694482582e+20 6.877888000000000e+38
1.37580e+15 3.89896e+35 3.955183054720460e+20 6.969936000000001e+38
1.40015e+15 4.01443e+35 4.018343210379032e+20 7.063408000000000e+38
1.42502e+15 4.13339e+35 4.082101169641238e+20 7.158192000000000e+38
1.45039e+15 4.25578e+35 4.146371280336015e+20 7.254176000000001e+38
1.47621e+15 4.38144e+35 4.211016071109419e+20 7.351168000000000e+38
1.50244e+15 4.51020e+35 4.275921654218489e+20 7.449008000000000e+38
1.52903e+15 4.64184e+35 4.340934021111482e+20 7.547471999999999e+38
1.55591e+15 4.77607e+35 4.405891525481681e+20 7.646320000000000e+38
1.58303e+15 4.91258e+35 4.470635572294009e+20 7.745312000000000e+38
1.61031e+15 5.05097e+35 4.534979426256376e+20 7.844160000000000e+38
1.63766e+15 5.19082e+35 4.598729587843833e+20 7.942559999999999e+38
1.66498e+15 5.33161e+35 4.661675664008926e+20 8.040176000000001e+38
1.69216e+15 5.47275e+35 4.723590731536652e+20 8.136640000000000e+38
1.71911e+15 5.61365e+35 4.784262242366707e+20 8.231600000000000e+38
1.86682e+15 6.40312e+35 5.105174536778242e+20 8.741151999999999e+38
2.01940e+15 7.24689e+35 5.417564657263675e+20 9.249279999999998e+38
2.17703e+15 8.14609e+35 5.722058007579078e+20 9.756512000000000e+38
2.33987e+15 9.10179e+35 6.019183335134189e+20 1.026326400000000e+39
2.50806e+15 1.01150e+36 6.309379488224170e+20 1.076984000000000e+39
2.68172e+15 1.11867e+36 6.593019989158208e+20 1.127646400000000e+39
2.86096e+15 1.23178e+36 6.870435095294631e+20 1.178331200000000e+39
3.04590e+15 1.35093e+36 7.141923025257519e+20 1.229052800000000e+39
3.23662e+15 1.47620e+36 7.407743528620104e+20 1.279820800000000e+39
3.43322e+15 1.60767e+36 7.668144991702584e+20 1.330644800000000e+39
3.63578e+15 1.74543e+36 7.923332786114006e+20 1.381528000000000e+39
3.84439e+15 1.88955e+36 8.173519443101632e+20 1.432476800000000e+39
