181
1.31041e+05 7.17054e+20 -7.146106103342938e+18 7.900000000000001e+28
1.58417e+05 9.86437e+20 -7.141946559837656e+18 9.550351999999999e+28
1.91512e+05 1.35467e+21 -7.136973822463412e+18 1.154548800000000e+29
2.31520e+05 1.85778e+21 -7.138179228506456e+18 1.395740800000000e+29
2.79888e+05 2.54402e+21 -7.124643496175785e+18 1.687312000000000e+29
3.38359e+05 3.47814e+21 -7.123614532384217e+18 2.039808000000000e+29
4.09046e+05 4.74706e+21 -7.119097211025802e+18 2.465936000000000e+29
4.94501e+05 6.46747e+21 -7.113169510381363e+18 2.981088000000000e+29
5.97809e+05 8.79662e+21 -7.106307191278418e+18 3.603856000000000e+29
7.22700e+05 1.19446e+22 -7.098329221699265e+18 4.356720000000000e+29
8.73681e+05 1.61899e+22 -7.090574430728629e+18 5.266864000000000e+29
1.05621e+06 2.19006e+22 -7.079095068206337e+18 6.367136000000000e+29
1.27687e+06 2.95637e+22 -7.069694334567014e+18 7.697280000000000e+29
1.54363e+06 3.98253e+22 -7.057205978333233e+18 9.305280000000000e+29
1.86612e+06 5.35443e+22 -7.046017532747876e+18 1.124921600000000e+30
2.25599e+06 7.18475e+22 -7.032677109358702e+18 1.359923200000000e+30
2.72732e+06 9.62038e+22 -7.014527345259152e+18 1.644016000000000e+30
3.29714e+06 1.28528e+23 -6.998109458293034e+18 1.987472000000000e+30
3.98598e+06 1.71323e+23 -6.977157802089572e+18 2.402656000000000e+30
4.81876e+06 2.27882e+23 -6.960891587800651e+18 2.904592000000000e+30
5.82555e+06 3.02520e+23 -6.936027231356517e+18 3.511376000000000e+30
7.04267e+06 4.00813e+23 -6.915498496246246e+18 4.244928000000000e+30
8.51413e+06 5.29942e+23 -6.887532500044831e+18 5.131712000000000e+30
1.02930e+07 6.99187e+23 -6.860452529890699e+18 6.203760000000000e+30
1.24436e+07 9.20616e+23 -6.829585188603629e+18 7.499760000000001e+30
1.50436e+07 1.21003e+24 -6.796985403253849e+18 9.066495999999999e+30
1.81869e+07 1.58786e+24 -6.762426037799892e+18 1.096054400000000e+31
2.19870e+07 2.08026e+24 -6.722868088078209e+18 1.325027200000000e+31
2.67866e+07 2.72074e+24 2.312337244020177e+17 1.601840000000000e+31
3.23834e+07 3.55246e+24 2.676674723974768e+17 1.936464000000000e+31
3.91498e+07 4.63152e+24 3.062199527320596e+17 2.341008000000000e+31
4.73300e+07 6.03094e+24 3.470986311453355e+17 2.830048000000000e+31
5.72197e+07 7.84427e+24 3.904263032454784e+17 3.421264000000000e+31
6.91759e+07 1.01907e+25 4.362549864420643e+17 4.135984000000000e+31
8.36309e+07 1.32227e+25 4.846282501790788e+17 5.000031999999999e+31
1.01106e+08 1.71368e+25 5.356613711939460e+17 6.044560000000001e+31
1.22233e+08 2.21880e+25 5.895787788785048e+17 7.307295999999999e+31
1.47776e+08 2.87062e+25 6.466580341710400e+17 8.833840000000001e+31
1.78657e+08 3.71107e+25 7.070229462139832e+17 1.067928000000000e+32
2.15991e+08 4.79360e+25 7.707456278203139e+17 1.291024000000000e+32
2.61128e+08 6.18650e+25 8.378986366250467e+17 1.560728000000000e+32
3.15698e+08 7.97776e+25 9.086828593545935e+17 1.886768000000000e+32
3.81674e+08 1.02815e+26 9.834480209532041e+17 2.280928000000000e+32
4.61439e+08 1.32438e+26 1.062509098785601e+18 2.757424000000000e+32
5.57878e+08 1.70501e+26 1.145971163072968e+18 3.333472000000000e+32
6.74474e+08 2.19362e+26 1.233906634195320e+18 4.029856000000000e+32
8.15439e+08 2.82034e+26 1.326435568753143e+18 4.871712000000000e+32
9.85872e+08 3.62395e+26 1.423850085693164e+18 5.889440000000001e+32
1.19194e+09 4.65456e+26 1.526629283328033e+18 7.119792000000000e+32
1.44107e+09 5.97579e+26 1.635050543330855e+18 8.607151999999999e+32
1.74229e+09 7.66814e+26 1.749171088559407e+18 1.040523200000000e+33
2.10649e+09 9.83381e+26 1.869018181480704e+18 1.257896000000000e+33
2.54682e+09 1.26033e+27 1.994763928296775e+18 1.520676800000000e+33
3.07921e+09 1.61442e+27 2.126813552041745e+18 1.838352000000000e+33
3.72293e+09 2.06714e+27 2.265680512955277e+18 2.222400000000000e+33
4.50124e+09 2.64557e+27 2.411511118566405e+18 2.686672000000000e+33
5.44230e+09 3.38384e+27 2.564207607464662e+18 3.247936000000000e+33
6.58013e+09 4.32522e+27 2.723754304886093e+18 3.926447999999999e+33
7.95591e+09 5.52470e+27 2.890290646535015e+18 4.746703999999999e+33
9.61939e+09 7.05275e+27 3.064314225945262e+18 5.738320000000000e+33
1.16308e+10 8.99858e+27 3.246175040012366e+18 6.937088000000001e+33
1.40628e+10 1.14739e+28 3.435720665844050e+18 8.386288000000000e+33
1.70035e+10 1.46187e+28 3.632622124585864e+18 1.013822400000000e+34
2.05593e+10 1.86096e+28 3.836624390461369e+18 1.225616000000000e+34
2.48588e+10 2.36702e+28 4.047833779310638e+18 1.481654400000000e+34
3.00576e+10 3.00838e+28 4.266537060427402e+18 1.791184000000000e+34
3.63440e+10 3.82048e+28 4.492661173144839e+18 2.165376000000000e+34
4.39452e+10 4.84725e+28 4.725530883707748e+18 2.617727999999999e+34
5.31367e+10 6.14336e+28 4.964280058569927e+18 3.164592000000000e+34
6.42506e+10 7.77714e+28 5.208338449378289e+18 3.825680000000000e+34
7.76898e+10 9.83421e+28 5.457363840276828e+18 4.624896000000000e+34
9.39402e+10 1.24215e+29 5.711171166802926e+18 5.591056000000000e+34
1.13590e+11 1.56702e+29 5.968659993258794e+18 6.759072000000001e+34
1.37351e+11 1.97410e+29 6.228323938117421e+18 8.171088000000000e+34
1.66082e+11 2.48310e+29 6.488551684274314e+18 9.878064000000000e+34
2.00822e+11 3.11829e+29 6.747938285406513e+18 1.194164800000000e+35
2.42829e+11 3.90909e+29 7.004658549453688e+18 1.443633600000000e+35
2.93623e+11 4.89477e+29 7.262169587596590e+18 1.745216000000000e+35
3.55043e+11 6.12285e+29 7.521053919387310e+18 2.109808000000000e+35
4.30004e+11 7.57410e+29 9.210170767861401e+18 2.550560000000000e+35
5.20006e+11 8.56429e+29 9.397377866824520e+18 3.083376000000000e+35
6.28947e+11 9.31240e+29 9.669603334410777e+18 3.727520000000000e+35
7.60658e+11 1.01632e+30 9.906308459893365e+18 4.506208000000000e+35
9.19887e+11 1.11909e+30 1.010220695659922e+19 5.447584000000000e+35
1.11237e+12 1.24695e+30 1.025887611462934e+19 6.585616000000000e+35
1.34504e+12 1.40843e+30 1.037999631496546e+19 7.961408000000000e+35
1.62629e+12 1.61394e+30 1.046975461134121e+19 9.624576000000000e+35
1.96625e+12 1.87638e+30 1.053227796578130e+19 1.163521600000000e+36
2.37718e+12 2.21213e+30 1.057120967172391e+19 1.406588800000000e+36
2.87312e+12 2.64227e+30 1.035082179632434e+19 1.700432000000000e+36
3.47333e+12 3.19394e+30 1.035046655320250e+19 2.055664000000000e+36
4.19906e+12 3.90446e+30 1.038962665583703e+19 2.485104000000000e+36
5.07660e+12 4.82810e+30 1.047039934630572e+19 3.004256000000000e+36
6.13780e+12 6.05413e+30 1.060493467452381e+19 3.631856000000000e+36
7.42134e+12 7.73888e+30 1.081986666334308e+19 4.390576000000000e+36
8.97403e+12 1.01008e+31 1.113522653480183e+19 5.307792000000000e+36
1.08525e+13 1.34200e+31 1.155831962033317e+19 6.416624000000000e+36
1.31252e+13 1.79840e+31 1.206759404673551e+19 7.757104000000000e+36
1.58744e+13 2.40667e+31 1.262382828733840e+19 9.377599999999999e+36
1.91997e+13 3.20258e+31 1.320337746539342e+19 1.133664000000000e+37
2.32221e+13 4.23675e+31 1.380014505289329e+19 1.370492800000000e+37
2.80874e+13 5.57354e+31 1.441038860914939e+19 1.656800000000000e+37
3.39724e+13 7.29538e+31 1.503300619360669e+19 2.002912000000000e+37
4.10908e+13 9.50842e+31 1.566906871046090e+19 2.421328000000000e+37
4.97018e+13 1.23511e+32 1.632248129525915e+19 2.927168000000000e+37
6.01185e+13 1.60120e+32 1.700411116410632e+19 3.538672000000000e+37
7.27210e+13 2.07576e+32 1.773434364015537e+19 4.277904000000000e+37
8.79725e+13 2.69992e+32 1.855522397485797e+19 5.171600000000000e+37
1.06434e+14 3.53165e+32 1.950843368380943e+19 6.251967999999999e+37
1.28781e+14 4.63027e+32 2.057004685088893e+19 7.558048000000001e+37
1.55916e+14 6.57329e+32 2.252896169352300e+19 9.136960000000001e+37
1.88676e+14 9.93756e+32 2.447037937268387e+19 1.104572800000000e+38
2.28376e+14 1.50237e+33 2.689235053842808e+19 1.335324800000000e+38
2.76569e+14 2.83146e+33 3.208755161908797e+19 1.614288000000000e+38
3.35255e+14 5.33627e+33 4.012706626561595e+19 1.951520000000000e+38
4.07005e+14 1.00569e+34 5.251859187418034e+19 2.359200000000000e+38
4.95261e+14 1.89536e+34 7.150207860106614e+19 2.852048000000000e+38
6.04813e+14 3.57206e+34 1.003193446990334e+20 3.447856000000000e+38
6.32047e+14 4.09919e+34 1.082920408084049e+20 3.592896000000000e+38
6.58074e+14 4.64664e+34 1.161831825935296e+20 3.730288000000000e+38
6.82983e+14 5.21157e+34 1.239709039501933e+20 3.860640000000000e+38
7.06862e+14 5.79151e+34 1.316403553150752e+20 3.984528000000000e+38
7.29787e+14 6.38423e+34 1.391804900005207e+20 4.102464000000000e+38
7.51843e+14 6.98820e+34 1.465891363635865e+20 4.214992000000000e+38
7.73113e+14 7.60231e+34 1.538682613534199e+20 4.322624000000000e+38
7.93672e+14 8.22572e+34 1.610219670705225e+20 4.425823999999999e+38
8.13600e+14 8.85824e+34 1.680601708859630e+20 4.525072000000000e+38
8.32974e+14 9.49998e+34 1.749947658370330e+20 4.620816000000000e+38
8.51868e+14 1.01514e+35 1.818389835981674e+20 4.713472000000000e+38
8.70356e+14 1.08133e+35 1.886092635114653e+20 4.803455999999999e+38
8.88510e+14 1.14870e+35 1.953224954970243e+20 4.891152000000000e+38
9.06396e+14 1.21737e+35 2.019955702381294e+20 4.976912000000000e+38
9.24083e+14 1.28752e+35 2.086475310300371e+20 5.061088000000000e+38
9.41636e+14 1.35936e+35 2.152981157009238e+20 5.144016000000000e+38
9.59116e+14 1.43307e+35 2.219649029942858e+20 5.225984000000000e+38
9.76584e+14 1.50892e+35 2.286682434388614e+20 5.307296000000000e+38
9.94098e+14 1.58715e+35 2.354258768268506e+20 5.388208000000000e+38
1.01171e+15 1.66802e+35 2.422566864192793e+20 5.468976000000000e+38
1.02948e+15 1.75181e+35 2.491765067570690e+20 5.549808000000000e+38
1.04744e+15 1.83882e+35 2.562034073355416e+20 5.630927999999999e+38
1.06566e+15 1.92933e+35 2.633520959369551e+20 5.712511999999999e+38
1.08416e+15 2.02365e+35 2.706365001352796e+20 5.794719999999999e+38
1.10299e+15 2.12210e+35 2.780711058892695e+20 5.877712000000001e+38
1.12218e+15 2.22499e+35 2.856680234006202e+20 5.961615999999999e+38
1.14178e+15 2.33263e+35 2.934368154593439e+20 6.046528000000000e+38
1.16180e+15 2.44533e+35 3.013873040180861e+20 6.132544000000000e+38
1.18224e+15 2.52351e+35 3.067849395610224e+20 6.219711999999999e+38
1.20310e+15 2.60417e+35 3.122425886282758e+20 6.308095999999999e+38
1.22437e+15 2.68740e+35 3.177614690231693e+20 6.397728000000000e+38
1.24608e+15 2.77325e+35 3.233398239193502e+20 6.488592000000000e+38
1.26821e+15 2.86179e+35 3.289768771536331e+20 6.580688000000000e+38
1.29078e+15 2.95306e+35 3.346708695122046e+20 6.673999999999999e+38
1.31377e+15 3.04704e+35 3.404151876678645e+20 6.768431999999999e+38
1.33717e+15 3.14376e+35 3.462071609862221e+20 6.863952000000001e+38
1.36096e+15 3.24317e+35 3.520402779177915e+20 6.960463999999999e+38
1.38513e+15 3.34519e+35 3.579052139334661e+20 7.057824000000000e+38
1.40964e+15 3.44977e+35 3.637956370377935e+20 7.155936000000000e+38
1.43445e+15 3.55674e+35 3.696995607728717e+20 7.254608000000000e+38
1.45953e+15 3.66599e+35 3.756089693758737e+20 7.353712000000000e+38
1.48483e+15 3.77728e+35 3.815093143367214e+20 7.453008000000001e+38
1.51030e+15 3.89045e+35 3.873909813205284e+20 7.552335999999998e+38
1.53588e+15 4.00517e+35 3.932369562576450e+20 7.651408000000000e+38
1.56150e+15 4.12117e+35 3.990351664741552e+20 7.750015999999998e+38
1.58708e+15 4.23811e+35 4.047690375689945e+20 7.847871999999999e+38
1.61256e+15 4.35557e+35 4.104222349348819e+20 7.944688000000001e+38
1.63783e+15 4.47310e+35 4.159758694754211e+20 8.040128000000001e+38
1.66281e+15 4.59025e+35 4.214131682631571e+20 8.133888000000000e+38
1.68740e+15 4.70648e+35 4.267148157836990e+20 8.225616000000000e+38
1.84775e+15 5.48634e+35 4.601412711321138e+20 8.811120000000001e+38
2.01339e+15 6.32881e+35 4.927156092918849e+20 9.394080000000000e+38
2.18460e+15 7.23560e+35 5.245103227511490e+20 9.975488000000001e+38
2.36163e+15 8.20822e+35 5.555782728108020e+20 1.055600000000000e+39
2.54470e+15 9.24821e+35 5.859638074161299e+20 1.113612800000000e+39
2.73399e+15 1.03569e+36 6.157022125095094e+20 1.171622400000000e+39
2.92965e+15 1.15358e+36 6.448241640074814e+20 1.229656000000000e+39
3.13185e+15 1.27861e+36 6.733566348514905e+20 1.287734400000000e+39
3.34072e+15 1.41091e+36 7.013230050875844e+20 1.345872000000000e+39
3.55639e+15 1.55061e+36 7.287454526238569e+20 1.404081600000000e+39
3.77898e+15 1.69782e+36 7.556434415520898e+20 1.462371200000000e+39
4.00859e+15 1.85265e+36 7.820338527179841e+20 1.520744000000000e+39
4.24534e+15 2.01522e+36 8.079339316042619e+20 1.579204800000000e+39
